B3 01 21 00 
B3 82 20 40 
83 01 00 08 
83 11 01 00 
83 21 01 00 
83 41 00 08 
83 51 00 08 
93 01 31 00 
93 11 31 00 
93 21 F1 FF 
93 31 F1 FF 
93 41 21 00 
93 51 11 00 
37 F1 FF FF 
93 51 11 40 
93 61 11 00 
93 71 01 00 
97 41 00 00 
23 00 50 00 
23 10 50 00 
23 20 50 00 
B3 91 12 00 
B3 A1 12 00 
B3 B1 12 00 
B3 C1 12 00 
B3 D1 12 00 
B3 D1 12 40 
B3 E1 12 00 
B3 F1 12 00 
33 41 21 00 
B3 C0 10 00 
93 80 80 00 
13 01 71 00 
13 01 11 00 
E3 8E 20 FE 
93 00 80 00 
13 01 60 00 
13 01 11 00 
E3 9E 20 FE 
93 00 80 00 
13 01 60 00 
13 01 11 00 
E3 4E 11 FE 
93 00 80 00 
13 01 60 00 
13 01 11 00 
E3 DE 20 FE 
93 00 80 00 
13 01 F0 FF 
63 60 11 00 
93 00 F0 FF 
13 01 D0 FF 
93 80 F0 FF 
E3 FE 20 FE 
EF F1 9F F2 
13 00 00 00 
